-0.25832
-0.280728
-0.28799
-0.256477
-0.251142
-0.229328
-0.221716
-0.269472
-0.204398
-0.194295
-0.277499
-0.247705
-0.255434
-0.254881
-0.193021
-0.163248
-0.248355
-0.247013
-0.23087
-0.184861
-0.235601
-0.274295
-0.223779
-0.182163
-0.213904
-0.225414
-0.261671
-0.230346
-0.249911
-0.267092
-0.211988
-0.205082
-0.281947
-0.250004
-0.227257
-0.35084
-0.230221
-0.233361
-0.22005
-0.242032
-0.275066
-0.364544
-0.244506
-0.305683
-0.263381
-0.235191
-0.244882
-0.264221
-0.25546
-0.22396
-0.239875
-0.238582
-0.138992
-0.267145
-0.224035
-0.275336
-0.216713
-0.159307
-0.256087
-0.239313
-0.256645
-0.229635
-0.245998
-0.233076
-0.15418
-0.276485
-0.326307
-0.180092
-0.248093
-0.275357
-0.182907
-0.268838
-0.208801
-0.251633
-0.225807
-0.296216
-0.241401
-0.281749
-0.185878
-0.251417
-0.224957
-0.283083
-0.231798
-0.256459
-0.253316
-0.199194
-0.247278
-0.230359
-0.261553
-0.199181
-0.304351
-0.263343
-0.254891
-0.245564
-0.273214
-0.227717
-0.230958
-0.272379
-0.229042
-0.276775
-0.268608
-0.254322
-0.220586
-0.268033
-0.238222
-0.268275
-0.272363
-0.260459
-0.25569
-0.302566
-0.253344
-0.273303
-0.247502
-0.352032
-0.246076
-0.244482
-0.247611
-0.267355
-0.245422
-0.207932
-0.198459
-0.25109
-0.190409
-0.238781
-0.281596
-0.301318
-0.211345
-0.236471
-0.0559186
-0.287808
-0.271231
-0.279979
-0.24434
-0.255056
-0.249534
-0.229237
-0.208821
-0.288264
-0.26512
-0.193319
-0.231605
-0.222819
-0.156952
-0.234479
-0.252539
-0.189749
-0.251594
-0.239347
-0.246625
-0.257654
-0.246453
-0.226371
-0.234769
-0.21502
-0.283118
-0.224493
-0.229497
-0.201351
-0.221844
-0.221438
-0.256143
-0.168679
-0.22759
-0.278416
-0.229297
-0.272771
-0.222187
-0.245704
-0.273753
-0.256697
-0.170419
-0.218616
-0.250799
-0.22964
-0.285634
-0.268656
-0.175639
-0.25234
-0.204754
-0.261389
-0.248065
-0.260606
-0.248158
-0.225366
-0.23975
-0.185817
-0.252198
-0.233985
-0.189219
-0.222958
-0.274321
-0.249868
-0.258556
-0.213071
-0.166745
-0.266493
-0.259997
-0.250914
-0.134333
-0.246331
-0.256205
-0.226148
-0.240265
-0.257308
-0.240791
-0.265224
-0.23533
-0.252036
-0.328378
-0.246051
-0.254571
-0.223242
-0.300459
-0.232277
-0.191906
-0.244252
-0.20141
-0.226893
-0.237675
-0.237562
-0.273448
-0.234638
-0.24783
-0.240137
-0.189523
-0.279499
-0.106195
-0.292037
-0.278769
-0.247953
-0.350196
-0.20294
-0.251541
-0.252512
-0.237702
-0.296001
-0.268084
-0.200441
-0.267034
-0.316572
-0.242357
-0.185181
-0.215953
-0.201206
-0.20982
-0.237548
-0.287475
-0.261553
-0.232295
-0.25545
-0.240371
-0.238806
-0.189961
-0.252759
-0.280028
-0.273262
-0.255965
-0.285215
-0.225483
-0.237881
-0.320345
-0.266524
-0.232334
-0.230198
-0.218202
-0.244165
-0.227196
-0.265712
-0.184842
-0.247653
-0.245697
-0.283619
-0.243851
-0.259666
-0.278412
-0.270191
-0.266731
-0.36455
-0.244608
-0.2538
-0.241784
-0.245777
-0.258118
-0.203299
-0.174922
-0.248122
-0.310037
-0.216635
-0.104772
-0.303581
-0.231056
-0.243387
-0.302117
-0.245128
-0.268825
-0.28007
-0.280092
-0.225855
-0.264742
-0.231062
-0.202137
-0.318582
-0.190486
-0.24455
-0.236869
-0.252828
-0.273436
-0.291205
-0.204048
-0.242266
-0.225525
-0.263671
-0.209137
-0.218055
-0.242868
-0.227131
-0.276586
-0.283771
-0.24465
-0.252954
-0.211919
-0.155018
-0.252571
-0.256428
-0.222466
-0.209001
-0.206163
-0.231338
-0.168315
-0.233163
-0.278515
-0.216134
-0.0909382
-0.280932
-0.22292
-0.201159
-0.273767
-0.268863
-0.240434
-0.213654
-0.246209
-0.195168
-0.212898
-0.251734
-0.230684
-0.243065
-0.199465
-0.219448
-0.213771
-0.270416
-0.295857
-0.229472
-0.186587
-0.148564
-0.249133
-0.214058
-0.236944
-0.227506
-0.265404
-0.259553
-0.284991
-0.305107
-0.213856
-0.227891
-0.261285
-0.217078
-0.247415
-0.26692
-0.232241
-0.261684
-0.272808
-0.27313
-0.251157
-0.246489
-0.242493
-0.279329
-0.235496
-0.112071
-0.221405
-0.224185
-0.143534
-0.256821
-0.240582
-0.291918
-0.225584
-0.151781
-0.25
-0.142586
-0.298218
-0.250277
-0.258904
-0.236559
-0.222181
-0.20174
-0.245914
-0.216062
-0.253099
-0.274645
-0.249419
-0.284044
-0.189636
-0.253709
-0.285287
-0.27251
-0.17203
-0.234565
-0.293113
-0.254896
-0.258506
-0.24661
-0.192556
-0.235597
-0.228005
-0.247846
-0.22113
-0.241021
-0.266019
-0.248274
-0.257119
-0.271517
-0.245319
-0.289738
-0.241477
-0.218482
-0.227418
-0.255809
-0.245011
-0.207999
-0.333205
-0.24035
-0.260131
-0.163783
-0.21438
-0.219787
-0.32132
-0.232308
-0.247324
-0.23065
-0.230517
-0.264097
-0.281496
-0.269927
-0.325293
-0.247673
-0.13838
-0.244623
-0.18664
-0.219098
-0.195126
-0.2401
-0.255977
-0.232029
-0.191198
-0.2508
-0.252149
-0.199613
-0.251316
-0.234386
-0.260643
-0.239134
-0.250248
-0.225473
-0.241735
-0.226355
-0.261409
-0.312332
-0.306172
-0.215967
-0.209787
-0.233472
-0.234953
-0.278849
-0.290149
-0.265024
-0.198707
-0.29201
-0.306037
-0.243718
-0.270398
-0.200673
-0.256001
-0.21254
-0.250606
-0.238164
-0.249404
-0.26814
-0.261749
-0.253509
-0.244982
-0.273854
-0.262782
-0.240074
-0.248857
-0.225334
-0.259482
-0.25
-0.228002
-0.241389
-0.209436
-0.234294
-0.255234
-0.259933
-0.266623
-0.232667
-0.285181
-0.239652
-0.256832
-0.221388
-0.235471
-0.237683
-0.264149
-0.25
-0.249251
-0.264088
-0.218582
-0.259901
-0.241129
-0.247948
-0.312835
-0.227362
-0.250935
-0.245265
-0.266351
-0.242248
-0.264917
-0.247991
-0.249961
-0.18246
-0.222996
-0.222359
-0.242893
-0.320366
-0.227376
-0.235374
-0.15543
-0.241875
-0.275592
-0.229364
-0.294924
-0.234997
-0.186683
-0.185614
-0.288931
-0.222361
-0.223222
-0.320023
-0.26789
-0.325117
-0.228086
-0.260482
-0.287164
-0.263521
-0.27162
-0.275226
-0.253746
-0.299569
-0.260362
-0.281984
-0.214161
-0.310172
-0.249074
-0.248914
-0.279357
-0.211561
-0.283894
-0.255909
-0.221552
-0.261686
-0.220209
-0.206241
-0.255244
-0.264129
-0.249723
-0.223269
-0.235931
-0.169767
-0.296651
-0.244143
-0.251338
-0.25
-0.262451
-0.242154
-0.226892
-0.242834
-0.223301
-0.250492
-0.208372
-0.246662
-0.245426
-0.222729
-0.265115
-0.332484
-0.229978
-0.242697
-0.26979
-0.303218
-0.264955
-0.250632
-0.148201
-0.216879
-0.209049
-0.245026
-0.254247
-0.256264
-0.237511
-0.136783
-0.257532
-0.229782
-0.215721
-0.267539
-0.259235
-0.155091
-0.347943
-0.249645
-0.23404
-0.254315
-0.262168
-0.20308
-0.259818
-0.261604
-0.257832
-0.232902
-0.197386
-0.287525
-0.329059
-0.259215
-0.241754
-0.255748
-0.25577
-0.246218
-0.171101
-0.252977
-0.277096
-0.248808
-0.204109
-0.273637
-0.245564
-0.237952
-0.257023
-0.2392
-0.245784
-0.276774
-0.226962
-0.242774
-0.281995
-0.172965
-0.228872
-0.282677
-0.266413
-0.304503
-0.212354
-0.195339
-0.221805
-0.217395
-0.265957
-0.26573
-0.237647
-0.215024
-0.283952
-0.209634
-0.23574
-0.223816
-0.212666
-0.234312
-0.253475
-0.200968
-0.273331
-0.243967
-0.231733
-0.155263
-0.198689
-0.291573
-0.276735
-0.257544
-0.195472
-0.274757
-0.130384
-0.314421
-0.254375
-0.0811437
-0.242408
-0.219052
-0.252183
-0.27386
-0.263696
-0.294918
-0.273962
-0.28787
-0.226205
-0.247525
-0.270948
-0.192982
-0.236807
-0.265343
-0.249557
-0.287614
-0.237514
-0.229141
-0.266453
-0.2494
-0.200704
-0.244092
-0.236203
-0.143915
-0.262117
-0.243489
-0.18065
-0.27872
-0.187369
-0.272734
-0.246506
-0.214203
-0.225102
-0.245808
-0.235802
-0.244499
-0.266902
-0.150903
-0.268492
-0.219486
-0.330857
-0.243671
-0.249993
-0.267291
-0.239896
-0.252446
-0.253663
-0.252249
-0.274966
-0.248685
-0.19661
-0.235335
-0.230383
-0.248292
-0.246
-0.26392
-0.266566
-0.262144
-0.221383
-0.253251
-0.238163
-0.226014
-0.307309
-0.282925
-0.242598
-0.319883
-0.248171
-0.203429
-0.259898
-0.214782
-0.252803
-0.254118
-0.236463
-0.274353
-0.233537
-0.233859
-0.227482
-0.251525
-0.214897
-0.0969534
-0.292089
-0.272699
-0.235437
-0.276903
-0.237247
-0.234882
-0.130638
-0.248988
-0.205496
-0.194344
-0.235531
-0.236394
-0.247493
-0.253835
-0.234022
-0.251917
-0.252377
-0.255264
-0.170957
-0.232394
-0.157951
-0.195823
-0.249469
-0.182466
-0.264735
-0.25343
-0.244227
-0.245244
-0.257401
-0.202641
-0.300924
-0.300049
-0.245479
-0.234115
-0.243089
-0.277131
-0.240113
-0.218142
-0.240155
-0.272424
-0.261909
-0.230066
-0.299109
-0.248848
-0.207344
-0.266099
-0.253865
-0.196913
-0.2213
-0.323644
-0.238322
-0.242216
-0.188096
-0.306513
-0.247723
-0.247728
-0.252512
-0.22662
-0.275067
-0.250386
-0.245075
-0.242739
-0.245073
-0.253857
-0.246395
-0.185119
-0.325476
-0.215074
-0.272346
-0.240361
-0.240177
-0.266524
-0.278254
-0.25311
-0.243994
-0.225267
-0.251502
-0.242822
-0.241254
-0.243943
-0.270605
-0.227456
-0.236426
-0.270052
-0.232864
-0.263408
-0.257222
-0.260799
-0.267817
-0.262435
-0.264338
-0.216826
-0.143281
-0.248221
-0.2741
-0.213795
-0.248919
-0.324063
-0.216518
-0.229159
-0.245831
-0.268205
-0.246244
-0.228016
-0.220117
-0.237768
-0.262548
-0.255293
-0.278784
-0.24122
-0.232259
-0.220384
-0.25699
-0.25
-0.260464
-0.252233
-0.233256
-0.223645
-0.27471
-0.254023
-0.257297
-0.229849
-0.286217
-0.232913
-0.287798
-0.329908
-0.313288
-0.234082
-0.298065
-0.221689
-0.246994
-0.239888
-0.231371
-0.274252
-0.252095
-0.249254
-0.249083
-0.228341
-0.283787
-0.256342
-0.299218
-0.262558
-0.177337
-0.263863
-0.185745
-0.243985
-0.273771
-0.310502
-0.284297
-0.265925
-0.283398
-0.208923
-0.256933
-0.255887
-0.309463
-0.242272
-0.239588
-0.237162
-0.223924
-0.183034
-0.250716
-0.29345
-0.298512
-0.193056
-0.237258
-0.262449
-0.234475
-0.0919545
-0.203832
-0.322766
-0.254139
-0.254561
-0.230647
-0.229183
-0.272363
-0.296836
-0.294419
-0.225738
-0.22591
-0.251426
-0.219235
-0.262758
-0.237043
-0.204793
-0.263299
-0.290068
-0.261163
-0.234757
-0.26019
-0.237126
-0.304437
-0.238756
-0.238589
-0.276648
-0.249854
-0.159301
-0.174057
-0.219256
-0.230039
-0.258503
-0.255916
-0.165604
-0.283536
-0.245778
-0.272464
-0.294326
-0.25675
-0.248752
-0.246805
-0.311476
-0.167592
-0.231014
-0.294393
-0.258206
-0.267301
-0.186911
-0.256784
-0.1975
-0.246791
-0.247421
-0.310678
-0.198741
-0.346358
-0.155153
-0.209827
-0.221229
-0.264002
-0.259408
-0.288582
-0.265442
-0.224478
-0.259502
-0.247611
-0.255298
-0.284778
-0.209431
-0.283452
-0.234202
-0.226316
-0.298645
